88
60
30
72
58
90
64
120
87
62
140
119
23
38
81
107
56
76
9
50
42
49
20
73
65
71
104
53
121
67
162
48
44
18
79
130
40
71
55
150
67
54
149
41
80
112
128
98
35
65
122
56
111
175
47
104
109
45
54
114
149
55
114
75
33
100
149
50
108
68
107
119
51
151
38
27
37
6
144
107
66
169
110
112
61
130
59
122
37
134
54
96
44
85
91
242
35
139
94
101
50
75
38
71
11
69
127
29
43
79
65
118
111
89
66
5
71
68
52
76
84
117
58
58
92
156
62
128
63
55
95
72
30
115
39
48
48
118
85
166
27
106
61
87
96
117
127
92
107
110
16
64
92
100
125
98
20
81
76
69
72
44
92
12
75
45
99
39
73
120
45
24
148
34
56
36
21
126
45
103
56
95
94
73
83
101
49
98
88
98
24
44
75
57
57
25
79
38
60
69
87
54
92
76
59
66
60
104
76
68
119
104
127
23
135
61
107
62
50
50
20
46
91
106
66
70
151
111
32
133
44
50
103
72
71
11
48
66
141
157
132
89
25
136
136
145
83
40
46
95
33
109
85
144
26
20
18
47
72
35
47
78
142
96
90
33
44
81
26
55
76
53
140
24
89
91
81
56
95
60
101
162
89
4
71
95
108
36
49
130
12
46
121
87
98
118
118
119
68
78
