1328
1732
1118
1416
1097
1802
1397
1637
1657
1270
1480
1951
1312
1508
2430
1808
1379
1127
1245
1369
1018
2491
1827
1362
1616
1463
1345
1408
1149
1764
1621
1053
1817
1265
1817
1565
1948
1324
1725
1498
1171
2146
1489
1802
1268
1583
1392
1752
1240
1654
1643
1212
1612
1148
1488
1459
1188
1652
1332
1033
1026
2100
1671
1387
1998
1591
1484
1384
1677
1284
1351
1282
1339
1574
1940
1856
1504
1354
1481
1603
1051
1855
1167
1121
1264
1521
2013
1197
1254
1045
2214
1327
2078
1692
1734
1723
1163
1291
1220
1162
1254
1452
1763
1489
1355
1196
1964
1508
1426
1580
1703
1076
1763
1930
1494
1675
1220
1493
1292
1780
1739
1447
2324
2158
1271
1625
1107
2233
1461
1217
1761
2777
1469
1156
1710
1340
1594
1429
1371
1327
1527
2141
1715
1585
1950
1756
2243
1999
1767
1631
1631
2047
1832
1143
1905
1026
1683
1284
1294
1300
1142
2078
1686
1257
1589
1341
1330
1410
1385
1578
1666
1255
1486
1723
1647
1233
2092
1374
1323
1562
1327
1285
1448
1654
1350
1452
2188
1221
1258
1339
1748
1558
1540
1550
1266
1517
1516
1567
1639
1438
2141
1208
1467
1302
2070
2222
1692
1468
1357
1998
1324
1705
1496
1526
1264
1832
2114
1241
1757
2204
1586
1327
1882
1794
1300
1340
1867
1423
1495
1762
1476
1477
2081
1647
1273
1241
1656
1230
1506
1217
1256
2020
1693
2312
2051
1131
1659
1248
1258
1426
1265
1861
1765
1423
1811
1405
1948
1409
1555
1611
1089
1914
1191
1534
1505
1577
1794
1789
2043
1285
1743
1663
1264
1417
1330
1320
1659
1858
1226
1789
1577
1573
1225
1408
1759
1249
1939
2068
1420
1332
1986
1205
1066
1051
2000
1691
1348
2125
1725
1525
