4000 2001
5000 2019
6000 2219
7000 2446
8000 2600
9000 2733
10000 2888
11000 3025
12000 3162
13000 3279
14000 3423
15000 3526
16000 3640
17000 3751
18000 3863
19000 3989
20000 4077
21000 4200
22000 4339
23000 4376
24000 4486
25000 4570
26000 4658
27000 4753
28000 4829
29000 4925
30000 4994
31000 5078
32000 5153
33000 5267
34000 5411
35000 5482
36000 5544
37000 5650
38000 5668
39000 5731
40000 5794
41000 5884
42000 5956
43000 6018
44000 6134
45000 6147
46000 6213
47000 6288
48000 6348
49000 6415
50000 6503
